           1   3.5000000000000000        2.2500000000000000        1.6250000000000000     
           2   4.6250000000000000        3.6250000000000000        2.3125000000000000     
           3   5.3125000000000000        4.3125000000000000        2.6562500000000000     
           4   5.6562500000000000        4.6562500000000000        2.8281250000000000     
           5   5.8281250000000000        4.8281250000000000        2.9140625000000000     
           6   5.9140625000000000        4.9140625000000000        2.9570312500000000     
           7   5.9570312500000000        4.9570312500000000        2.9785156250000000     
           8   5.9785156250000000        4.9785156250000000        2.9892578125000000     
           9   5.9892578125000000        4.9892578125000000        2.9946289062500000     
          10   5.9946289062500000        4.9946289062500000        2.9973144531250000     
          11   5.9973144531250000        4.9973144531250000        2.9986572265625000     
          12   5.9986572265625000        4.9986572265625000        2.9993286132812500     
          13   5.9993286132812500        4.9993286132812500        2.9996643066406250     
          14   5.9996643066406250        4.9996643066406250        2.9998321533203125     
          15   5.9998321533203125        4.9998321533203125        2.9999160766601562     
          16   5.9999160766601562        4.9999160766601562        2.9999580383300781     
          17   5.9999580383300781        4.9999580383300781        2.9999790191650391     
          18   5.9999790191650391        4.9999790191650391        2.9999895095825195     
          19   5.9999895095825195        4.9999895095825195        2.9999947547912598     
          20   5.9999947547912598        4.9999947547912598        2.9999973773956299     
          21   5.9999973773956299        4.9999971389770508        2.9999985694885254     
          22   5.9999985694885254        4.9999985694885254        2.9999992847442627     
          23   5.9999992847442627        4.9999990463256836        2.9999995231628418     
          24   5.9999995231628418        4.9999995231628418        2.9999997615814209     
          25   5.9999997615814209        5.0000000000000000        3.0000000000000000     
          26   6.0000000000000000        5.0000000000000000        3.0000000000000000     
          27   6.0000000000000000        5.0000000000000000        3.0000000000000000     
