    6.0000    7.0000    3.0000    6.0000    8.0000    5.0000    3.0000    9.0000    1.0000    6.0000
    0.0000   -3.3333   -2.0000  -11.0000   -7.6667    3.3333    6.0000   -9.0000    3.6667    1.0000
    0.0000    0.0000   -1.4000   -4.4500    1.0500   12.0000   14.2000   -3.0500   -3.3500    1.9500
    0.0000   -0.0000    0.0000   14.9286   16.5000    3.4286    3.8571   -3.0714   -6.3571   -1.6429
    0.0000    0.0000    0.0000    0.0000    3.5789    5.0813    0.9665    1.8230    3.7033    8.4402
    0.0000   -0.0000    0.0000    0.0000    0.0000    8.6631   37.3342  -26.0107  -36.7540  -42.6952
    0.0000   -0.0000    0.0000    0.0000    0.0000    0.0000   85.1879  -81.5259  -84.1721 -115.7481
    0.0000   -0.0000    0.0000    0.0000    0.0000    0.0000    0.0000  -12.7576   30.7298   20.5781
    0.0000    0.0000    0.0000    0.0000    0.0000    0.0000    0.0000    0.0000   26.2512   24.1255
    0.0000   -0.0000    0.0000    0.0000    0.0000    0.0000    0.0000    0.0000    0.0000   -7.8400
   2.89880141E+09
